v -0.001757 0.388178 0.289797 0.204236
v 0.004767 -0.160740 0.235157 0.221738
v -0.006078 -0.575870 0.413448 0.187680
v 0.004120 0.133652 0.278165 0.186356
v -0.000183 -0.846865 0.739101 0.149768
v -0.022190 -0.379884 0.235135 0.227632
v -0.000393 -0.705208 0.608213 0.150075
v 0.013582 0.818142 0.948934 0.065461
v -0.078986 -0.851696 -0.507354 0.043213
v -0.102302 0.532381 -0.509734 0.043116
v 0.087527 -0.123676 -0.514812 0.045131
v -0.117022 -0.574200 -0.147692 0.060688
v 0.000175 -1.078610 0.585182 0.074654
v 0.109566 0.640177 -0.123053 0.053412
v 0.013729 0.625514 0.614500 0.042349
v -0.087154 -0.325431 0.063339 0.151478
v 0.136404 0.476624 0.083649 0.097154
v -0.147967 0.417952 0.088326 0.096151
v 0.007478 -0.301821 0.279554 0.229334
v 0.108419 -0.142651 -0.165929 0.055070
v -0.099696 -0.517647 0.090350 0.121846
v -0.092636 0.620978 -0.256539 0.041899
v 0.016213 0.743182 0.743933 0.050857
v -0.116254 0.522254 -0.086362 0.057748
v 0.102981 0.774236 -0.477290 0.046136
v -0.017486 -0.886253 0.556766 0.072850
v -0.092961 -0.669048 -0.325092 0.046366
v 0.124012 -0.230792 0.065706 0.092239
v 0.088464 -0.126617 -0.334724 0.043040
v 0.233571 -0.716761 0.693936 0.027574
v -0.249157 -0.679961 0.692355 0.028443
v 0.090219 0.756828 -0.277643 0.035942
v -0.000362 -0.028741 0.265076 0.189488
v 0.002355 0.548928 0.480111 0.047734
v -0.195380 -0.773820 0.809810 0.030638
v 0.090007 0.445648 0.221767 0.144028
v 0.127952 0.535288 -0.013681 0.065418
v -0.043108 -0.182831 0.091612 0.140904
v -0.008754 0.262921 0.463278 0.054866
v 0.000235 -1.017816 0.745106 0.047817
v 0.008259 0.801327 1.096024 0.034711
v -0.209367 -0.759530 0.611034 0.032774
v -0.086273 0.504916 0.126243 0.074268
v 0.197796 -0.763920 0.584334 0.030961
v -0.055276 -0.628949 0.232949 0.069030
v -0.100068 0.586660 -0.387759 0.035381
v 0.188501 -0.774266 0.821779 0.027312
v 0.091849 0.751526 -0.158081 0.033086
v 0.124073 -0.148000 -0.022232 0.058445
v 0.026892 0.817287 0.835755 0.057067
v -0.098876 -0.639565 -0.224937 0.051146
v -0.003155 -1.204598 0.629691 0.029171
v 0.015177 -0.781297 0.697916 0.146892
v -0.084408 -0.753378 -0.420134 0.039337
v 0.102082 0.732405 -0.379381 0.029201
v -0.124593 -0.428707 0.012112 0.098994
v -0.000590 0.017365 0.064608 0.045743
v -0.165659 0.363270 0.243362 0.077776
v -0.144448 0.401230 -0.040805 0.038421
v 0.139687 -0.522305 0.258185 0.061915
v 0.001339 -0.975879 0.600531 0.078824
v -0.097726 0.571465 -0.170076 0.048112
v 0.156295 -0.269078 0.226529 0.115057
v 0.004979 -0.164458 0.508913 0.024635
v 0.015511 0.265328 0.328455 0.156615
v -0.122961 -0.566591 -0.112737 0.058905
v 0.235445 -0.678585 0.753319 0.019200
v 0.097379 -0.864784 0.820695 0.047190
v 0.018142 0.675332 0.690255 0.043168
v 0.083517 -0.108680 -0.427747 0.037321
v -0.118195 0.447371 -0.535393 0.031212
v -0.210523 -0.722283 0.747854 0.024771
v 0.004014 -0.749356 0.446785 0.065904
v -0.042811 -0.767693 0.849307 0.045848
v 0.038923 0.575197 0.175586 0.033082
v 0.091993 -0.151817 -0.250762 0.048438
v 0.110899 0.769126 -0.564754 0.027785
v -0.237971 -0.695462 0.626129 0.027384
