v -0.001137 0.372402 0.342539 0.211018
v 0.005604 -0.194744 0.286085 0.229101
v -0.005601 -0.623659 0.470296 0.193912
v 0.004936 0.109424 0.330521 0.192544
v 0.000490 -0.903653 0.806763 0.154741
v -0.022248 -0.421165 0.286062 0.235191
v 0.000273 -0.757292 0.671529 0.155059
v 0.014712 0.816644 1.023564 0.067635
v -0.080930 -0.908644 -0.481083 0.044648
v -0.105020 0.521394 -0.483542 0.044548
v 0.091112 -0.156449 -0.488788 0.046630
v -0.120229 -0.621934 -0.109477 0.062703
v 0.000860 -1.143093 0.647733 0.077133
v 0.113883 0.632769 -0.084020 0.055186
v 0.014864 0.617619 0.678025 0.043755
v -0.089369 -0.364904 0.108561 0.156508
v 0.141612 0.463785 0.129546 0.100380
v -0.152202 0.403165 0.134378 0.099344
v 0.008405 -0.340510 0.331956 0.236949
v 0.112698 -0.176054 -0.128320 0.056899
v -0.102328 -0.563503 0.136469 0.125892
v -0.095033 0.612933 -0.221939 0.043290
v 0.017430 0.739195 0.811756 0.052546
v -0.119436 0.510930 -0.046111 0.059666
v 0.107079 0.771280 -0.450020 0.047668
v -0.017388 -0.944349 0.618373 0.075269
v -0.095369 -0.719931 -0.292768 0.047906
v 0.128809 -0.267122 0.111007 0.095302
v 0.092080 -0.159488 -0.302720 0.044469
v 0.242006 -0.769229 0.760098 0.028490
v -0.256752 -0.731206 0.758465 0.029388
v 0.093894 0.753294 -0.243744 0.037136
v 0.000305 -0.058362 0.316997 0.195780
v 0.003112 0.538490 0.539173 0.049319
v -0.201189 -0.828182 0.879820 0.031655
v 0.093675 0.431780 0.272250 0.148811
v 0.132880 0.524397 0.028984 0.067590
v -0.043861 -0.217568 0.137773 0.145583
v -0.008366 0.242986 0.521781 0.056688
v 0.000922 -1.080281 0.812968 0.049405
v 0.009212 0.799270 1.175539 0.035864
v -0.215641 -0.813418 0.674444 0.033862
v -0.088459 0.493017 0.173554 0.076734
v 0.205043 -0.817954 0.646857 0.031989
v -0.056433 -0.678501 0.283804 0.071322
v -0.102712 0.577475 -0.357516 0.036556
v 0.195439 -0.828643 0.892187 0.028219
v 0.095578 0.747816 -0.120211 0.034185
v 0.128872 -0.181581 0.020149 0.060386
v 0.028464 0.815760 0.906627 0.058962
v -0.101481 -0.689469 -0.189287 0.052844
v -0.002581 -1.273265 0.693720 0.030140
v 0.016360 -0.835908 0.764211 0.151770
v -0.086532 -0.807061 -0.390966 0.040643
v 0.106151 0.728060 -0.348860 0.030171
v -0.128052 -0.471609 0.055633 0.102281
v 0.000069 -0.010724 0.109872 0.047262
v -0.170481 0.346667 0.294562 0.080359
v -0.148566 0.385887 0.000959 0.039697
v 0.145004 -0.568315 0.309878 0.063971
v 0.002062 -1.036951 0.663592 0.081441
v -0.100292 0.561775 -0.132605 0.049710
v 0.162164 -0.306679 0.277170 0.118878
v 0.005823 -0.198585 0.568931 0.025453
v 0.016705 0.245473 0.382481 0.161816
v -0.126365 -0.614072 -0.073362 0.060861
v 0.243942 -0.729785 0.821453 0.019838
v 0.101291 -0.922167 0.891067 0.048757
v 0.019423 0.669092 0.756295 0.044601
v 0.086969 -0.140955 -0.398832 0.038560
v -0.121441 0.433561 -0.510053 0.032248
v -0.216835 -0.774934 0.815807 0.025594
v 0.004826 -0.802906 0.504740 0.068092
v -0.043554 -0.821852 0.920629 0.047370
v 0.040894 0.565631 0.224536 0.034181
v 0.095727 -0.185524 -0.215970 0.050046
v 0.115260 0.766000 -0.540389 0.028708
v -0.245194 -0.747222 0.690040 0.028293
